
-a -v -b gray -d 600 -p 2 -f 0,0,1,red  
--bmp-image-list e:\work\img\hjabmp\hjabmp-list.txt,5,-5,32
-s 0,0,3,3,100,.5,0,45,b,s,e
--wh 2.00,2.00,0.50,5.00,2.00,5.00,0.70,5.00,1.00,1.00,0.50,0.50,0.10,5.00,1.00,5.00,0.80,0.80,5.00,5.00,5.00,5.00,8.00,8.00,1.50,5.00 
-O 150,150.00,150.00,150.00,150,150,150.00,150.00,150,150.00,150,150,150.00 
-P 0.0,225.00,180.00,243.00,0.0,0.0,189.00,270.00,0.0,270.00,0.0,0.0,315.00 
-T 5,0.00,0.00,0.00,5,5,0.00,0.00,5,0.00,5,5,0.00 
--bmp-image-order -1,0,-1,1,-1,2,-1,3,-1,4,-1,5
-Z 5.89,-3.37,4.64,-3.37,3.89,-3.37,4.54,-3.37,5.89,-3.37,5.89,-3.37,4.84,-3.37,4.39,-3.37,5.89,-3.37,2.39,-3.37,5.89,-3.37,5.89,-3.37,4.14,-3.37
